       0.5 0.00644858
       1.5 0.00217294
       2.5 0.00131781
       3.5 0.000951325
       4.5 0.000747723
       5.5 0.000618158
       6.5 0.000528459
       7.5 0.00046268
       8.5 0.000412378
       9.5 0.000372666
      10.5 0.000340519
      11.5 0.000313962
      12.5 0.000291654
      13.5 0.000272651
      14.5 0.00025627
      15.5 0.000242002
      16.5 0.000229463
      17.5 0.000218358
      18.5 0.000208453
      19.5 0.000199563
      20.5 0.000191542
      21.5 0.000184266
      22.5 0.000177637
      23.5 0.000171572
      24.5 0.000166003
      25.5 0.00016087
      26.5 0.000156124
      27.5 0.000151724
      28.5 0.000147633
      29.5 0.000143818
      30.5 0.000140254
      31.5 0.000136917
      32.5 0.000133784
      33.5 0.000130839
      34.5 0.000128064
      35.5 0.000125446
      36.5 0.000122971
      37.5 0.000120629
      38.5 0.000118407
      39.5 0.000116299
      40.5 0.000114294
      41.5 0.000112386
      42.5 0.000110568
      43.5 0.000108834
      44.5 0.000107177
      45.5 0.000105593
      46.5 0.000104078
      47.5 0.000102626
      48.5 0.000101234
      49.5 9.98981e-05
      50.5 9.86153e-05
      51.5 9.73823e-05
      52.5 9.61963e-05
      53.5 9.50546e-05
      54.5 9.39548e-05
      55.5 9.28946e-05
      56.5 9.1872e-05
      57.5 9.08849e-05
      58.5 8.99316e-05
      59.5 8.90103e-05
      60.5 8.81195e-05
      61.5 8.72577e-05
      62.5 8.64234e-05
      63.5 8.56154e-05
      64.5 8.48324e-05
      65.5 8.40734e-05
      66.5 8.33372e-05
      67.5 8.26228e-05
      68.5 8.19293e-05
      69.5 8.12557e-05
      70.5 8.06012e-05
      71.5 7.99651e-05
      72.5 7.93465e-05
      73.5 7.87447e-05
      74.5 7.81591e-05
      75.5 7.75889e-05
      76.5 7.70337e-05
      77.5 7.64929e-05
      78.5 7.59658e-05
      79.5 7.54519e-05
      80.5 7.49508e-05
      81.5 7.44621e-05
      82.5 7.39851e-05
      83.5 7.35196e-05
      84.5 7.30652e-05
      85.5 7.26213e-05
      86.5 7.21877e-05
      87.5 7.1764e-05
      88.5 7.13499e-05
      89.5 7.09451e-05
      90.5 7.05492e-05
      91.5 7.01619e-05
      92.5 6.9783e-05
      93.5 6.94123e-05
      94.5 6.90493e-05
      95.5 6.8694e-05
      96.5 6.83461e-05
      97.5 6.80052e-05
      98.5 6.76713e-05
      99.5 6.73441e-05
     100.5 6.6959e-05
     101.5 6.65169e-05
     102.5 6.60824e-05
     103.5 6.56552e-05
     104.5 6.52351e-05
     105.5 6.4822e-05
     106.5 6.44156e-05
     107.5 6.40157e-05
     108.5 6.36223e-05
     109.5 6.3235e-05
     110.5 6.28538e-05
     111.5 6.24785e-05
     112.5 6.21089e-05
     113.5 6.17448e-05
     114.5 6.13862e-05
     115.5 6.10329e-05
     116.5 6.06848e-05
     117.5 6.03417e-05
     118.5 6.00035e-05
     119.5 5.96701e-05
     120.5 5.93414e-05
     121.5 5.90172e-05
     122.5 5.86975e-05
     123.5 5.83822e-05
     124.5 5.8071e-05
     125.5 5.77641e-05
     126.5 5.74611e-05
     127.5 5.71621e-05
     128.5 5.6867e-05
     129.5 5.65757e-05
     130.5 5.62881e-05
     131.5 5.6004e-05
     132.5 5.57236e-05
     133.5 5.54465e-05
     134.5 5.51729e-05
     135.5 5.49025e-05
     136.5 5.46354e-05
     137.5 5.43715e-05
     138.5 5.41107e-05
     139.5 5.38529e-05
     140.5 5.35981e-05
     141.5 5.33462e-05
     142.5 5.30971e-05
     143.5 5.28509e-05
     144.5 5.26074e-05
     145.5 5.23665e-05
     146.5 5.21284e-05
     147.5 5.18928e-05
     148.5 5.16597e-05
     149.5 5.14291e-05
     150.5 5.1201e-05
     151.5 5.09752e-05
     152.5 5.07518e-05
     153.5 5.05307e-05
     154.5 5.03119e-05
     155.5 5.00953e-05
     156.5 4.98808e-05
     157.5 4.96685e-05
     158.5 4.94583e-05
     159.5 4.92502e-05
     160.5 4.9044e-05
     161.5 4.88399e-05
     162.5 4.86377e-05
     163.5 4.84374e-05
     164.5 4.82391e-05
     165.5 4.80425e-05
     166.5 4.78478e-05
     167.5 4.76549e-05
     168.5 4.74638e-05
     169.5 4.72743e-05
     170.5 4.70866e-05
     171.5 4.69006e-05
     172.5 4.67162e-05
     173.5 4.65334e-05
     174.5 4.63522e-05
     175.5 4.61726e-05
     176.5 4.59946e-05
     177.5 4.5818e-05
     178.5 4.56429e-05
     179.5 4.54694e-05
     180.5 4.52972e-05
     181.5 4.51265e-05
     182.5 4.49572e-05
     183.5 4.47893e-05
     184.5 4.46227e-05
     185.5 4.44575e-05
     186.5 4.42936e-05
     187.5 4.4131e-05
     188.5 4.39697e-05
     189.5 4.38096e-05
     190.5 4.36508e-05
     191.5 4.34932e-05
     192.5 4.33369e-05
     193.5 4.31817e-05
     194.5 4.30277e-05
     195.5 4.28748e-05
     196.5 4.27231e-05
     197.5 4.25725e-05
     198.5 4.24231e-05
     199.5 4.22747e-05
     200.5 4.21274e-05
     201.5 4.19812e-05
     202.5 4.1836e-05
     203.5 4.16918e-05
     204.5 4.15487e-05
     205.5 4.14066e-05
     206.5 4.12654e-05
     207.5 4.11253e-05
     208.5 4.09861e-05
     209.5 4.08479e-05
     210.5 4.07106e-05
     211.5 4.05743e-05
     212.5 4.04389e-05
     213.5 4.03044e-05
     214.5 4.01708e-05
     215.5 4.0038e-05
     216.5 3.99062e-05
     217.5 3.97752e-05
     218.5 3.9645e-05
     219.5 3.95157e-05
     220.5 3.93873e-05
     221.5 3.92596e-05
     222.5 3.91328e-05
     223.5 3.90067e-05
     224.5 3.88815e-05
     225.5 3.8757e-05
     226.5 3.86333e-05
     227.5 3.85104e-05
     228.5 3.83882e-05
     229.5 3.82668e-05
     230.5 3.81461e-05
     231.5 3.80262e-05
     232.5 3.7907e-05
     233.5 3.77884e-05
     234.5 3.76706e-05
     235.5 3.75535e-05
     236.5 3.74371e-05
     237.5 3.73213e-05
     238.5 3.72062e-05
     239.5 3.70918e-05
     240.5 3.69781e-05
     241.5 3.6865e-05
     242.5 3.67525e-05
     243.5 3.66407e-05
     244.5 3.65295e-05
     245.5 3.64189e-05
     246.5 3.6309e-05
     247.5 3.61996e-05
     248.5 3.60909e-05
     249.5 3.59828e-05
     250.5 3.58752e-05
     251.5 3.57683e-05
     252.5 3.56619e-05
     253.5 3.55561e-05
     254.5 3.54508e-05
     255.5 3.53462e-05
     256.5 3.5242e-05
     257.5 3.51385e-05
     258.5 3.50354e-05
     259.5 3.4933e-05
     260.5 3.4831e-05
     261.5 3.47296e-05
     262.5 3.46287e-05
     263.5 3.45283e-05
     264.5 3.44284e-05
     265.5 3.43291e-05
     266.5 3.42302e-05
     267.5 3.41318e-05
     268.5 3.4034e-05
     269.5 3.39366e-05
     270.5 3.38397e-05
     271.5 3.37433e-05
     272.5 3.36474e-05
     273.5 3.35519e-05
     274.5 3.34569e-05
     275.5 3.33624e-05
     276.5 3.32683e-05
     277.5 3.31747e-05
     278.5 3.30815e-05
     279.5 3.29888e-05
     280.5 3.28965e-05
     281.5 3.28046e-05
     282.5 3.27132e-05
     283.5 3.26222e-05
     284.5 3.25317e-05
     285.5 3.24415e-05
     286.5 3.23518e-05
     287.5 3.22625e-05
     288.5 3.21736e-05
     289.5 3.20852e-05
     290.5 3.19971e-05
     291.5 3.19094e-05
     292.5 3.18221e-05
     293.5 3.17352e-05
     294.5 3.16487e-05
     295.5 3.15626e-05
     296.5 3.14769e-05
     297.5 3.13916e-05
     298.5 3.13066e-05
     299.5 3.1222e-05
     300.5 3.11378e-05
     301.5 3.1054e-05
     302.5 3.09705e-05
     303.5 3.08874e-05
     304.5 3.08046e-05
     305.5 3.07222e-05
     306.5 3.06402e-05
     307.5 3.05585e-05
     308.5 3.04771e-05
     309.5 3.03961e-05
     310.5 3.03155e-05
     311.5 3.02351e-05
     312.5 3.01552e-05
     313.5 3.00755e-05
     314.5 2.99962e-05
     315.5 2.99172e-05
     316.5 2.98386e-05
     317.5 2.97602e-05
     318.5 2.96822e-05
     319.5 2.96045e-05
     320.5 2.95272e-05
     321.5 2.94501e-05
     322.5 2.93734e-05
     323.5 2.92969e-05
     324.5 2.92208e-05
     325.5 2.9145e-05
     326.5 2.90695e-05
     327.5 2.89943e-05
     328.5 2.89194e-05
     329.5 2.88447e-05
     330.5 2.87704e-05
     331.5 2.86964e-05
     332.5 2.86227e-05
     333.5 2.85492e-05
     334.5 2.84761e-05
     335.5 2.84032e-05
     336.5 2.83306e-05
     337.5 2.82583e-05
     338.5 2.81862e-05
     339.5 2.81145e-05
     340.5 2.8043e-05
     341.5 2.79718e-05
     342.5 2.79009e-05
     343.5 2.78302e-05
     344.5 2.77598e-05
     345.5 2.76896e-05
     346.5 2.76198e-05
     347.5 2.75502e-05
     348.5 2.74808e-05
     349.5 2.74117e-05
     350.5 2.73429e-05
     351.5 2.72743e-05
     352.5 2.7206e-05
     353.5 2.71379e-05
     354.5 2.70701e-05
     355.5 2.70025e-05
     356.5 2.69352e-05
     357.5 2.68681e-05
     358.5 2.68013e-05
     359.5 2.67347e-05
     360.5 2.66683e-05
     361.5 2.66022e-05
     362.5 2.65363e-05
     363.5 2.64707e-05
     364.5 2.64053e-05
     365.5 2.63401e-05
     366.5 2.62751e-05
     367.5 2.62104e-05
     368.5 2.61459e-05
     369.5 2.60817e-05
     370.5 2.60176e-05
     371.5 2.59538e-05
     372.5 2.58903e-05
     373.5 2.58269e-05
     374.5 2.57637e-05
     375.5 2.57008e-05
     376.5 2.56381e-05
     377.5 2.55756e-05
     378.5 2.55134e-05
     379.5 2.54513e-05
     380.5 2.53895e-05
     381.5 2.53278e-05
     382.5 2.52664e-05
     383.5 2.52052e-05
     384.5 2.51442e-05
     385.5 2.50834e-05
     386.5 2.50228e-05
     387.5 2.49624e-05
     388.5 2.49022e-05
     389.5 2.48422e-05
     390.5 2.47824e-05
     391.5 2.47228e-05
     392.5 2.46634e-05
     393.5 2.46042e-05
     394.5 2.45453e-05
     395.5 2.44865e-05
     396.5 2.44278e-05
     397.5 2.43694e-05
     398.5 2.43112e-05
     399.5 2.42532e-05
     400.5 2.41953e-05
     401.5 2.41377e-05
     402.5 2.40802e-05
     403.5 2.40229e-05
     404.5 2.39658e-05
     405.5 2.39089e-05
     406.5 2.38522e-05
     407.5 2.37957e-05
     408.5 2.37393e-05
     409.5 2.36831e-05
     410.5 2.36271e-05
     411.5 2.35713e-05
     412.5 2.35157e-05
     413.5 2.34602e-05
     414.5 2.34049e-05
     415.5 2.33498e-05
     416.5 2.32949e-05
     417.5 2.32401e-05
     418.5 2.31855e-05
     419.5 2.31311e-05
     420.5 2.30768e-05
     421.5 2.30227e-05
     422.5 2.29688e-05
     423.5 2.29151e-05
     424.5 2.28615e-05
     425.5 2.28081e-05
     426.5 2.27548e-05
     427.5 2.27017e-05
     428.5 2.26488e-05
     429.5 2.2596e-05
     430.5 2.25434e-05
     431.5 2.2491e-05
     432.5 2.24387e-05
     433.5 2.23866e-05
     434.5 2.23347e-05
     435.5 2.22829e-05
     436.5 2.22312e-05
     437.5 2.21797e-05
     438.5 2.21284e-05
     439.5 2.20772e-05
     440.5 2.20262e-05
     441.5 2.19753e-05
     442.5 2.19246e-05
     443.5 2.18741e-05
     444.5 2.18236e-05
     445.5 2.17734e-05
     446.5 2.17233e-05
     447.5 2.16733e-05
     448.5 2.16235e-05
     449.5 2.15738e-05
     450.5 2.15243e-05
     451.5 2.14749e-05
     452.5 2.14257e-05
     453.5 2.13766e-05
     454.5 2.13277e-05
     455.5 2.12789e-05
     456.5 2.12302e-05
     457.5 2.11817e-05
     458.5 2.11334e-05
     459.5 2.10851e-05
     460.5 2.10371e-05
     461.5 2.09891e-05
     462.5 2.09413e-05
     463.5 2.08936e-05
     464.5 2.08461e-05
     465.5 2.07987e-05
     466.5 2.07515e-05
     467.5 2.07043e-05
     468.5 2.06573e-05
     469.5 2.06105e-05
     470.5 2.05638e-05
     471.5 2.05172e-05
     472.5 2.04707e-05
     473.5 2.04244e-05
     474.5 2.03782e-05
     475.5 2.03322e-05
     476.5 2.02863e-05
     477.5 2.02405e-05
     478.5 2.01948e-05
     479.5 2.01493e-05
     480.5 2.01039e-05
     481.5 2.00586e-05
     482.5 2.00134e-05
     483.5 1.99684e-05
     484.5 1.99235e-05
     485.5 1.98787e-05
     486.5 1.98341e-05
     487.5 1.97896e-05
     488.5 1.97452e-05
     489.5 1.97009e-05
     490.5 1.96567e-05
     491.5 1.96127e-05
     492.5 1.95688e-05
     493.5 1.9525e-05
     494.5 1.94813e-05
     495.5 1.94378e-05
     496.5 1.93944e-05
     497.5 1.93511e-05
     498.5 1.93079e-05
     499.5 1.92648e-05
     500.5 1.92219e-05
     501.5 1.9179e-05
     502.5 1.91363e-05
     503.5 1.90937e-05
     504.5 1.90512e-05
     505.5 1.90089e-05
     506.5 1.89666e-05
     507.5 1.89245e-05
     508.5 1.88825e-05
     509.5 1.88405e-05
     510.5 1.87988e-05
     511.5 1.87571e-05
     512.5 1.87155e-05
     513.5 1.8674e-05
     514.5 1.86327e-05
     515.5 1.85915e-05
     516.5 1.85503e-05
     517.5 1.85093e-05
     518.5 1.84684e-05
     519.5 1.84276e-05
     520.5 1.83869e-05
     521.5 1.83464e-05
     522.5 1.83059e-05
     523.5 1.82655e-05
     524.5 1.82253e-05
     525.5 1.81851e-05
     526.5 1.81451e-05
     527.5 1.81051e-05
     528.5 1.80653e-05
     529.5 1.80256e-05
     530.5 1.7986e-05
     531.5 1.79465e-05
     532.5 1.7907e-05
     533.5 1.78677e-05
     534.5 1.78285e-05
     535.5 1.77894e-05
     536.5 1.77504e-05
     537.5 1.77115e-05
     538.5 1.76727e-05
     539.5 1.7634e-05
     540.5 1.75955e-05
     541.5 1.7557e-05
     542.5 1.75186e-05
     543.5 1.74803e-05
     544.5 1.74421e-05
     545.5 1.7404e-05
     546.5 1.7366e-05
     547.5 1.73281e-05
     548.5 1.72903e-05
     549.5 1.72526e-05
     550.5 1.7215e-05
     551.5 1.71775e-05
     552.5 1.71401e-05
     553.5 1.71028e-05
     554.5 1.70655e-05
     555.5 1.70284e-05
     556.5 1.69914e-05
     557.5 1.69545e-05
     558.5 1.69176e-05
     559.5 1.68809e-05
     560.5 1.68442e-05
     561.5 1.68077e-05
     562.5 1.67712e-05
     563.5 1.67348e-05
     564.5 1.66986e-05
     565.5 1.66624e-05
     566.5 1.66263e-05
     567.5 1.65903e-05
     568.5 1.65544e-05
     569.5 1.65186e-05
     570.5 1.64828e-05
     571.5 1.64472e-05
     572.5 1.64116e-05
     573.5 1.63762e-05
     574.5 1.63408e-05
     575.5 1.63055e-05
     576.5 1.62703e-05
     577.5 1.62352e-05
     578.5 1.62002e-05
     579.5 1.61653e-05
     580.5 1.61304e-05
     581.5 1.60957e-05
     582.5 1.6061e-05
     583.5 1.60264e-05
     584.5 1.59919e-05
     585.5 1.59575e-05
     586.5 1.59232e-05
     587.5 1.5889e-05
     588.5 1.58548e-05
     589.5 1.58208e-05
     590.5 1.57868e-05
     591.5 1.57529e-05
     592.5 1.57191e-05
     593.5 1.56853e-05
     594.5 1.56517e-05
     595.5 1.56181e-05
     596.5 1.55846e-05
     597.5 1.55512e-05
     598.5 1.55179e-05
     599.5 1.54847e-05
     600.5 1.54515e-05
     601.5 1.54185e-05
     602.5 1.53855e-05
     603.5 1.53526e-05
     604.5 1.53198e-05
     605.5 1.5287e-05
     606.5 1.52543e-05
     607.5 1.52218e-05
     608.5 1.51892e-05
     609.5 1.51568e-05
     610.5 1.51245e-05
     611.5 1.50922e-05
     612.5  1.506e-05
     613.5 1.50279e-05
     614.5 1.49959e-05
     615.5 1.49639e-05
     616.5 1.4932e-05
     617.5 1.49002e-05
     618.5 1.48685e-05
     619.5 1.48369e-05
     620.5 1.48053e-05
     621.5 1.47738e-05
     622.5 1.47424e-05
     623.5 1.4711e-05
     624.5 1.46798e-05
     625.5 1.46486e-05
     626.5 1.46175e-05
     627.5 1.45864e-05
     628.5 1.45554e-05
     629.5 1.45246e-05
     630.5 1.44937e-05
     631.5 1.4463e-05
     632.5 1.44323e-05
     633.5 1.44017e-05
     634.5 1.43712e-05
     635.5 1.43408e-05
     636.5 1.43104e-05
     637.5 1.42801e-05
     638.5 1.42498e-05
     639.5 1.42197e-05
     640.5 1.41896e-05
     641.5 1.41596e-05
     642.5 1.41296e-05
     643.5 1.40998e-05
     644.5  1.407e-05
     645.5 1.40402e-05
     646.5 1.40106e-05
     647.5 1.3981e-05
     648.5 1.39514e-05
     649.5 1.3922e-05
     650.5 1.38926e-05
     651.5 1.38633e-05
     652.5 1.38341e-05
     653.5 1.38049e-05
     654.5 1.37758e-05
     655.5 1.37468e-05
     656.5 1.37178e-05
     657.5 1.36889e-05
     658.5 1.36601e-05
     659.5 1.36313e-05
     660.5 1.36026e-05
     661.5 1.3574e-05
     662.5 1.35454e-05
     663.5 1.35169e-05
     664.5 1.34885e-05
     665.5 1.34601e-05
     666.5 1.34319e-05
     667.5 1.34036e-05
     668.5 1.33755e-05
     669.5 1.33474e-05
     670.5 1.33193e-05
     671.5 1.32914e-05
     672.5 1.32635e-05
     673.5 1.32357e-05
     674.5 1.32079e-05
     675.5 1.31802e-05
     676.5 1.31525e-05
     677.5 1.3125e-05
     678.5 1.30975e-05
     679.5  1.307e-05
     680.5 1.30426e-05
     681.5 1.30153e-05
     682.5 1.29881e-05
     683.5 1.29609e-05
     684.5 1.29337e-05
     685.5 1.29067e-05
     686.5 1.28797e-05
     687.5 1.28527e-05
     688.5 1.28259e-05
     689.5 1.2799e-05
     690.5 1.27723e-05
     691.5 1.27456e-05
     692.5 1.2719e-05
     693.5 1.26924e-05
     694.5 1.26659e-05
     695.5 1.26394e-05
     696.5 1.26131e-05
     697.5 1.25867e-05
     698.5 1.25605e-05
     699.5 1.25343e-05
     700.5 1.25081e-05
     701.5 1.2482e-05
     702.5 1.2456e-05
     703.5 1.24301e-05
     704.5 1.24041e-05
     705.5 1.23783e-05
     706.5 1.23525e-05
     707.5 1.23268e-05
     708.5 1.23011e-05
     709.5 1.22755e-05
     710.5  1.225e-05
     711.5 1.22245e-05
     712.5 1.2199e-05
     713.5 1.21737e-05
     714.5 1.21483e-05
     715.5 1.21231e-05
     716.5 1.20979e-05
     717.5 1.20727e-05
     718.5 1.20476e-05
     719.5 1.20226e-05
     720.5 1.19976e-05
     721.5 1.19727e-05
     722.5 1.19479e-05
     723.5 1.19231e-05
     724.5 1.18983e-05
     725.5 1.18736e-05
     726.5 1.1849e-05
     727.5 1.18244e-05
     728.5 1.17999e-05
     729.5 1.17754e-05
     730.5 1.1751e-05
     731.5 1.17266e-05
     732.5 1.17023e-05
     733.5 1.16781e-05
     734.5 1.16539e-05
     735.5 1.16298e-05
     736.5 1.16057e-05
     737.5 1.15816e-05
     738.5 1.15577e-05
     739.5 1.15337e-05
     740.5 1.15099e-05
     741.5 1.14861e-05
     742.5 1.14623e-05
     743.5 1.14386e-05
     744.5 1.14149e-05
     745.5 1.13913e-05
     746.5 1.13678e-05
     747.5 1.13443e-05
     748.5 1.13209e-05
     749.5 1.12975e-05
     750.5 1.12741e-05
     751.5 1.12509e-05
     752.5 1.12276e-05
     753.5 1.12044e-05
     754.5 1.11813e-05
     755.5 1.11582e-05
     756.5 1.11352e-05
     757.5 1.11122e-05
     758.5 1.10893e-05
     759.5 1.10664e-05
     760.5 1.10436e-05
     761.5 1.10209e-05
     762.5 1.09981e-05
     763.5 1.09755e-05
     764.5 1.09529e-05
     765.5 1.09303e-05
     766.5 1.09078e-05
     767.5 1.08853e-05
     768.5 1.08629e-05
     769.5 1.08405e-05
     770.5 1.08182e-05
     771.5 1.07959e-05
     772.5 1.07737e-05
     773.5 1.07515e-05
     774.5 1.07294e-05
     775.5 1.07074e-05
     776.5 1.06853e-05
     777.5 1.06634e-05
     778.5 1.06414e-05
     779.5 1.06196e-05
     780.5 1.05977e-05
     781.5 1.0576e-05
     782.5 1.05542e-05
     783.5 1.05325e-05
     784.5 1.05109e-05
     785.5 1.04893e-05
     786.5 1.04678e-05
     787.5 1.04463e-05
     788.5 1.04249e-05
     789.5 1.04035e-05
     790.5 1.03821e-05
     791.5 1.03608e-05
     792.5 1.03396e-05
     793.5 1.03183e-05
     794.5 1.02972e-05
     795.5 1.02761e-05
     796.5 1.0255e-05
     797.5 1.0234e-05
     798.5 1.0213e-05
     799.5 1.01921e-05
     800.5 1.01712e-05
     801.5 1.01503e-05
     802.5 1.01296e-05
     803.5 1.01088e-05
     804.5 1.00881e-05
     805.5 1.00675e-05
     806.5 1.00468e-05
     807.5 1.00263e-05
     808.5 1.00058e-05
     809.5 9.98528e-06
     810.5 9.96485e-06
     811.5 9.94446e-06
     812.5 9.92412e-06
     813.5 9.90382e-06
     814.5 9.88357e-06
     815.5 9.86336e-06
     816.5 9.8432e-06
     817.5 9.82308e-06
     818.5  9.803e-06
     819.5 9.78297e-06
     820.5 9.76298e-06
     821.5 9.74304e-06
     822.5 9.72314e-06
     823.5 9.70328e-06
     824.5 9.68347e-06
     825.5 9.66369e-06
     826.5 9.64396e-06
     827.5 9.62428e-06
     828.5 9.60464e-06
     829.5 9.58504e-06
     830.5 9.56548e-06
     831.5 9.54596e-06
     832.5 9.52649e-06
     833.5 9.50706e-06
     834.5 9.48767e-06
     835.5 9.46833e-06
     836.5 9.44902e-06
     837.5 9.42976e-06
     838.5 9.41054e-06
     839.5 9.39136e-06
     840.5 9.37223e-06
     841.5 9.35313e-06
     842.5 9.33408e-06
     843.5 9.31506e-06
     844.5 9.29609e-06
     845.5 9.27716e-06
     846.5 9.25827e-06
     847.5 9.23942e-06
     848.5 9.22061e-06
     849.5 9.20185e-06
     850.5 9.18312e-06
     851.5 9.16443e-06
     852.5 9.14579e-06
     853.5 9.12718e-06
     854.5 9.10861e-06
     855.5 9.09009e-06
     856.5 9.0716e-06
     857.5 9.05316e-06
     858.5 9.03475e-06
     859.5 9.01638e-06
     860.5 8.99806e-06
     861.5 8.97977e-06
     862.5 8.96152e-06
     863.5 8.94331e-06
     864.5 8.92514e-06
     865.5 8.90701e-06
     866.5 8.88892e-06
     867.5 8.87087e-06
     868.5 8.85285e-06
     869.5 8.83488e-06
     870.5 8.81694e-06
     871.5 8.79904e-06
     872.5 8.78118e-06
     873.5 8.76336e-06
     874.5 8.74558e-06
     875.5 8.72784e-06
     876.5 8.71013e-06
     877.5 8.69246e-06
     878.5 8.67483e-06
     879.5 8.65724e-06
     880.5 8.63968e-06
     881.5 8.62216e-06
     882.5 8.60468e-06
     883.5 8.58724e-06
     884.5 8.56983e-06
     885.5 8.55246e-06
     886.5 8.53513e-06
     887.5 8.51784e-06
     888.5 8.50058e-06
     889.5 8.48336e-06
     890.5 8.46618e-06
     891.5 8.44903e-06
     892.5 8.43192e-06
     893.5 8.41485e-06
     894.5 8.39781e-06
     895.5 8.38081e-06
     896.5 8.36384e-06
     897.5 8.34691e-06
     898.5 8.33002e-06
     899.5 8.31316e-06
     900.5 8.29634e-06
     901.5 8.27956e-06
     902.5 8.26281e-06
     903.5 8.2461e-06
     904.5 8.22942e-06
     905.5 8.21278e-06
     906.5 8.19617e-06
     907.5 8.1796e-06
     908.5 8.16306e-06
     909.5 8.14656e-06
     910.5 8.13009e-06
     911.5 8.11366e-06
     912.5 8.09726e-06
     913.5 8.0809e-06
     914.5 8.06458e-06
     915.5 8.04828e-06
     916.5 8.03203e-06
     917.5 8.0158e-06
     918.5 7.99962e-06
     919.5 7.98346e-06
     920.5 7.96734e-06
     921.5 7.95125e-06
     922.5 7.9352e-06
     923.5 7.91919e-06
     924.5 7.9032e-06
     925.5 7.88725e-06
     926.5 7.87133e-06
     927.5 7.85545e-06
     928.5 7.8396e-06
     929.5 7.82379e-06
     930.5 7.80801e-06
     931.5 7.79226e-06
     932.5 7.77654e-06
     933.5 7.76086e-06
     934.5 7.74521e-06
     935.5 7.72959e-06
     936.5 7.71401e-06
     937.5 7.69846e-06
     938.5 7.68294e-06
     939.5 7.66746e-06
     940.5 7.65201e-06
     941.5 7.63659e-06
     942.5 7.6212e-06
     943.5 7.60585e-06
     944.5 7.59053e-06
     945.5 7.57524e-06
     946.5 7.55998e-06
     947.5 7.54475e-06
     948.5 7.52956e-06
     949.5 7.5144e-06
     950.5 7.49927e-06
     951.5 7.48417e-06
     952.5 7.46911e-06
     953.5 7.45407e-06
     954.5 7.43907e-06
     955.5 7.4241e-06
     956.5 7.40916e-06
     957.5 7.39425e-06
     958.5 7.37938e-06
     959.5 7.36453e-06
     960.5 7.34972e-06
     961.5 7.33494e-06
     962.5 7.32018e-06
     963.5 7.30546e-06
     964.5 7.29077e-06
     965.5 7.27611e-06
     966.5 7.26149e-06
     967.5 7.24689e-06
     968.5 7.23232e-06
     969.5 7.21778e-06
     970.5 7.20328e-06
     971.5 7.1888e-06
     972.5 7.17436e-06
     973.5 7.15994e-06
     974.5 7.14556e-06
     975.5 7.1312e-06
     976.5 7.11688e-06
     977.5 7.10258e-06
     978.5 7.08832e-06
     979.5 7.07408e-06
     980.5 7.05988e-06
     981.5 7.0457e-06
     982.5 7.03156e-06
     983.5 7.01744e-06
     984.5 7.00336e-06
     985.5 6.9893e-06
     986.5 6.97527e-06
     987.5 6.96127e-06
     988.5 6.9473e-06
     989.5 6.93336e-06
     990.5 6.91945e-06
     991.5 6.90557e-06
     992.5 6.89172e-06
     993.5 6.87789e-06
     994.5 6.8641e-06
     995.5 6.85033e-06
     996.5 6.8366e-06
     997.5 6.82289e-06
     998.5 6.80921e-06
     999.5 6.79555e-06
    1000.5 6.78193e-06
    1001.5 6.76834e-06
    1002.5 6.75477e-06
    1003.5 6.74123e-06
    1004.5 6.72772e-06
    1005.5 6.71424e-06
    1006.5 6.70079e-06
    1007.5 6.68736e-06
    1008.5 6.67396e-06
    1009.5 6.66059e-06
    1010.5 6.64725e-06
    1011.5 6.63393e-06
    1012.5 6.62065e-06
    1013.5 6.60739e-06
    1014.5 6.59416e-06
    1015.5 6.58095e-06
    1016.5 6.56778e-06
    1017.5 6.55463e-06
    1018.5 6.5415e-06
    1019.5 6.52841e-06
    1020.5 6.51534e-06
    1021.5 6.5023e-06
    1022.5 6.48929e-06
    1023.5 6.4763e-06
    1024.5 6.46334e-06
    1025.5 6.45041e-06
    1026.5 6.43751e-06
    1027.5 6.42463e-06
    1028.5 6.41177e-06
    1029.5 6.39895e-06
    1030.5 6.38615e-06
    1031.5 6.37338e-06
    1032.5 6.36063e-06
    1033.5 6.34791e-06
    1034.5 6.33522e-06
    1035.5 6.32255e-06
    1036.5 6.30991e-06
    1037.5 6.2973e-06
    1038.5 6.28471e-06
    1039.5 6.27215e-06
    1040.5 6.25961e-06
    1041.5 6.2471e-06
    1042.5 6.23462e-06
    1043.5 6.22216e-06
    1044.5 6.20973e-06
    1045.5 6.19732e-06
    1046.5 6.18494e-06
    1047.5 6.17258e-06
    1048.5 6.16025e-06
    1049.5 6.14795e-06
    1050.5 6.13567e-06
    1051.5 6.12342e-06
    1052.5 6.11119e-06
    1053.5 6.09898e-06
    1054.5 6.08681e-06
    1055.5 6.07465e-06
    1056.5 6.06253e-06
    1057.5 6.05042e-06
    1058.5 6.03834e-06
    1059.5 6.02629e-06
    1060.5 6.01426e-06
    1061.5 6.00226e-06
    1062.5 5.99028e-06
    1063.5 5.97833e-06
    1064.5 5.9664e-06
    1065.5 5.9545e-06
    1066.5 5.94262e-06
    1067.5 5.93076e-06
    1068.5 5.91893e-06
    1069.5 5.90712e-06
    1070.5 5.89534e-06
    1071.5 5.88358e-06
    1072.5 5.87185e-06
    1073.5 5.86014e-06
    1074.5 5.84845e-06
    1075.5 5.83679e-06
    1076.5 5.82516e-06
    1077.5 5.81354e-06
    1078.5 5.80195e-06
    1079.5 5.79039e-06
    1080.5 5.77884e-06
    1081.5 5.76733e-06
    1082.5 5.75583e-06
    1083.5 5.74436e-06
    1084.5 5.73291e-06
    1085.5 5.72149e-06
    1086.5 5.71009e-06
    1087.5 5.69871e-06
    1088.5 5.68736e-06
    1089.5 5.67603e-06
    1090.5 5.66472e-06
    1091.5 5.65344e-06
    1092.5 5.64218e-06
    1093.5 5.63094e-06
    1094.5 5.61973e-06
    1095.5 5.60854e-06
    1096.5 5.59737e-06
    1097.5 5.58622e-06
    1098.5 5.5751e-06
    1099.5  5.564e-06
    1100.5 5.55293e-06
    1101.5 5.54187e-06
    1102.5 5.53084e-06
    1103.5 5.51983e-06
    1104.5 5.50885e-06
    1105.5 5.49788e-06
    1106.5 5.48694e-06
    1107.5 5.47602e-06
    1108.5 5.46513e-06
    1109.5 5.45425e-06
    1110.5 5.4434e-06
    1111.5 5.43257e-06
    1112.5 5.42176e-06
    1113.5 5.41098e-06
    1114.5 5.40022e-06
    1115.5 5.38948e-06
    1116.5 5.37876e-06
    1117.5 5.36806e-06
    1118.5 5.35738e-06
    1119.5 5.34673e-06
    1120.5 5.3361e-06
    1121.5 5.32549e-06
    1122.5 5.3149e-06
    1123.5 5.30434e-06
    1124.5 5.29379e-06
    1125.5 5.28327e-06
    1126.5 5.27277e-06
    1127.5 5.26229e-06
    1128.5 5.25183e-06
    1129.5 5.24139e-06
    1130.5 5.23097e-06
    1131.5 5.22058e-06
    1132.5 5.2102e-06
    1133.5 5.19985e-06
    1134.5 5.18952e-06
    1135.5 5.17921e-06
    1136.5 5.16892e-06
    1137.5 5.15865e-06
    1138.5 5.14841e-06
    1139.5 5.13818e-06
    1140.5 5.12798e-06
    1141.5 5.11779e-06
    1142.5 5.10763e-06
    1143.5 5.09749e-06
    1144.5 5.08736e-06
    1145.5 5.07726e-06
    1146.5 5.06718e-06
    1147.5 5.05712e-06
    1148.5 5.04708e-06
    1149.5 5.03706e-06
    1150.5 5.02706e-06
    1151.5 5.01708e-06
    1152.5 5.00713e-06
    1153.5 4.99719e-06
    1154.5 4.98727e-06
    1155.5 4.97737e-06
    1156.5 4.96749e-06
    1157.5 4.95764e-06
    1158.5 4.9478e-06
    1159.5 4.93798e-06
    1160.5 4.92819e-06
    1161.5 4.91841e-06
    1162.5 4.90865e-06
    1163.5 4.89891e-06
    1164.5 4.8892e-06
    1165.5 4.8795e-06
    1166.5 4.86982e-06
    1167.5 4.86016e-06
    1168.5 4.85052e-06
    1169.5 4.84091e-06
    1170.5 4.83131e-06
    1171.5 4.82173e-06
    1172.5 4.81217e-06
    1173.5 4.80262e-06
    1174.5 4.7931e-06
    1175.5 4.7836e-06
    1176.5 4.77412e-06
    1177.5 4.76465e-06
    1178.5 4.75521e-06
    1179.5 4.74578e-06
    1180.5 4.73638e-06
    1181.5 4.72699e-06
    1182.5 4.71762e-06
    1183.5 4.70827e-06
    1184.5 4.69895e-06
    1185.5 4.68963e-06
    1186.5 4.68034e-06
    1187.5 4.67107e-06
    1188.5 4.66181e-06
    1189.5 4.65258e-06
    1190.5 4.64336e-06
    1191.5 4.63416e-06
    1192.5 4.62499e-06
    1193.5 4.61582e-06
    1194.5 4.60668e-06
    1195.5 4.59756e-06
    1196.5 4.58845e-06
    1197.5 4.57937e-06
    1198.5 4.5703e-06
    1199.5 4.56125e-06
    1200.5 4.55222e-06
    1201.5 4.5432e-06
    1202.5 4.53421e-06
    1203.5 4.52523e-06
    1204.5 4.51627e-06
    1205.5 4.50733e-06
    1206.5 4.49841e-06
    1207.5 4.48951e-06
    1208.5 4.48062e-06
    1209.5 4.47175e-06
    1210.5 4.4629e-06
    1211.5 4.45407e-06
    1212.5 4.44526e-06
    1213.5 4.43646e-06
    1214.5 4.42768e-06
    1215.5 4.41892e-06
    1216.5 4.41018e-06
    1217.5 4.40145e-06
    1218.5 4.39274e-06
    1219.5 4.38405e-06
    1220.5 4.37538e-06
    1221.5 4.36673e-06
    1222.5 4.35809e-06
    1223.5 4.34947e-06
    1224.5 4.34087e-06
    1225.5 4.33228e-06
    1226.5 4.32371e-06
    1227.5 4.31516e-06
    1228.5 4.30663e-06
    1229.5 4.29811e-06
    1230.5 4.28962e-06
    1231.5 4.28113e-06
    1232.5 4.27267e-06
    1233.5 4.26422e-06
    1234.5 4.25579e-06
    1235.5 4.24738e-06
    1236.5 4.23898e-06
    1237.5 4.2306e-06
    1238.5 4.22224e-06
    1239.5 4.2139e-06
    1240.5 4.20557e-06
    1241.5 4.19726e-06
    1242.5 4.18896e-06
    1243.5 4.18068e-06
    1244.5 4.17242e-06
    1245.5 4.16418e-06
    1246.5 4.15595e-06
    1247.5 4.14774e-06
    1248.5 4.13954e-06
    1249.5 4.13136e-06
    1250.5 4.1232e-06
    1251.5 4.11506e-06
    1252.5 4.10693e-06
    1253.5 4.09882e-06
    1254.5 4.09072e-06
    1255.5 4.08264e-06
    1256.5 4.07458e-06
    1257.5 4.06653e-06
    1258.5 4.0585e-06
    1259.5 4.05048e-06
    1260.5 4.04248e-06
    1261.5 4.0345e-06
    1262.5 4.02653e-06
    1263.5 4.01858e-06
    1264.5 4.01065e-06
    1265.5 4.00273e-06
    1266.5 3.99483e-06
    1267.5 3.98694e-06
    1268.5 3.97907e-06
    1269.5 3.97122e-06
    1270.5 3.96338e-06
    1271.5 3.95555e-06
    1272.5 3.94775e-06
    1273.5 3.93996e-06
    1274.5 3.93218e-06
    1275.5 3.92442e-06
    1276.5 3.91667e-06
    1277.5 3.90895e-06
    1278.5 3.90123e-06
    1279.5 3.89353e-06
    1280.5 3.88585e-06
    1281.5 3.87818e-06
    1282.5 3.87053e-06
    1283.5 3.8629e-06
    1284.5 3.85528e-06
    1285.5 3.84767e-06
    1286.5 3.84008e-06
    1287.5 3.8325e-06
    1288.5 3.82494e-06
    1289.5 3.8174e-06
    1290.5 3.80987e-06
    1291.5 3.80236e-06
    1292.5 3.79486e-06
    1293.5 3.78737e-06
    1294.5 3.7799e-06
    1295.5 3.77245e-06
    1296.5 3.76501e-06
    1297.5 3.75759e-06
    1298.5 3.75018e-06
    1299.5 3.74278e-06
    1300.5 3.7354e-06
    1301.5 3.72804e-06
    1302.5 3.72069e-06
    1303.5 3.71336e-06
    1304.5 3.70604e-06
    1305.5 3.69873e-06
    1306.5 3.69144e-06
    1307.5 3.68416e-06
    1308.5 3.6769e-06
    1309.5 3.66965e-06
    1310.5 3.66242e-06
    1311.5 3.6552e-06
    1312.5  3.648e-06
    1313.5 3.64081e-06
    1314.5 3.63364e-06
    1315.5 3.62648e-06
    1316.5 3.61933e-06
    1317.5 3.6122e-06
    1318.5 3.60508e-06
    1319.5 3.59798e-06
    1320.5 3.59089e-06
    1321.5 3.58382e-06
    1322.5 3.57676e-06
    1323.5 3.56971e-06
    1324.5 3.56268e-06
    1325.5 3.55566e-06
    1326.5 3.54866e-06
    1327.5 3.54167e-06
    1328.5 3.53469e-06
    1329.5 3.52773e-06
    1330.5 3.52078e-06
    1331.5 3.51385e-06
    1332.5 3.50693e-06
    1333.5 3.50002e-06
    1334.5 3.49313e-06
    1335.5 3.48625e-06
    1336.5 3.47939e-06
    1337.5 3.47254e-06
    1338.5 3.4657e-06
    1339.5 3.45888e-06
    1340.5 3.45207e-06
    1341.5 3.44527e-06
    1342.5 3.43849e-06
    1343.5 3.43172e-06
    1344.5 3.42497e-06
    1345.5 3.41822e-06
    1346.5 3.4115e-06
    1347.5 3.40478e-06
    1348.5 3.39808e-06
    1349.5 3.39139e-06
    1350.5 3.38472e-06
    1351.5 3.37806e-06
    1352.5 3.37141e-06
    1353.5 3.36477e-06
    1354.5 3.35815e-06
    1355.5 3.35154e-06
    1356.5 3.34495e-06
    1357.5 3.33837e-06
    1358.5 3.3318e-06
    1359.5 3.32524e-06
    1360.5 3.3187e-06
    1361.5 3.31217e-06
    1362.5 3.30566e-06
    1363.5 3.29915e-06
    1364.5 3.29266e-06
    1365.5 3.28619e-06
    1366.5 3.27972e-06
    1367.5 3.27327e-06
    1368.5 3.26683e-06
    1369.5 3.26041e-06
    1370.5  3.254e-06
    1371.5 3.2476e-06
    1372.5 3.24121e-06
    1373.5 3.23484e-06
    1374.5 3.22848e-06
    1375.5 3.22213e-06
    1376.5 3.21579e-06
    1377.5 3.20947e-06
    1378.5 3.20316e-06
    1379.5 3.19686e-06
    1380.5 3.19057e-06
    1381.5 3.1843e-06
    1382.5 3.17804e-06
    1383.5 3.17179e-06
    1384.5 3.16556e-06
    1385.5 3.15933e-06
    1386.5 3.15312e-06
    1387.5 3.14693e-06
    1388.5 3.14074e-06
    1389.5 3.13457e-06
    1390.5 3.12841e-06
    1391.5 3.12226e-06
    1392.5 3.11612e-06
    1393.5   3.11e-06
    1394.5 3.10388e-06
    1395.5 3.09779e-06
    1396.5 3.0917e-06
    1397.5 3.08562e-06
    1398.5 3.07956e-06
    1399.5 3.07351e-06
    1400.5 3.06747e-06
    1401.5 3.06144e-06
    1402.5 3.05543e-06
    1403.5 3.04942e-06
    1404.5 3.04343e-06
    1405.5 3.03745e-06
    1406.5 3.03149e-06
    1407.5 3.02553e-06
    1408.5 3.01959e-06
    1409.5 3.01366e-06
    1410.5 3.00774e-06
    1411.5 3.00183e-06
    1412.5 2.99593e-06
    1413.5 2.99005e-06
    1414.5 2.98418e-06
    1415.5 2.97831e-06
    1416.5 2.97247e-06
    1417.5 2.96663e-06
    1418.5 2.9608e-06
    1419.5 2.95499e-06
    1420.5 2.94919e-06
    1421.5 2.94339e-06
    1422.5 2.93761e-06
    1423.5 2.93185e-06
    1424.5 2.92609e-06
    1425.5 2.92034e-06
    1426.5 2.91461e-06
    1427.5 2.90889e-06
    1428.5 2.90318e-06
    1429.5 2.89748e-06
    1430.5 2.89179e-06
    1431.5 2.88611e-06
    1432.5 2.88045e-06
    1433.5 2.87479e-06
    1434.5 2.86915e-06
    1435.5 2.86352e-06
    1436.5 2.8579e-06
    1437.5 2.85229e-06
    1438.5 2.84669e-06
    1439.5 2.8411e-06
    1440.5 2.83553e-06
    1441.5 2.82996e-06
    1442.5 2.82441e-06
    1443.5 2.81887e-06
    1444.5 2.81334e-06
    1445.5 2.80782e-06
    1446.5 2.80231e-06
    1447.5 2.79681e-06
    1448.5 2.79132e-06
    1449.5 2.78584e-06
    1450.5 2.78038e-06
    1451.5 2.77492e-06
    1452.5 2.76948e-06
    1453.5 2.76404e-06
    1454.5 2.75862e-06
    1455.5 2.75321e-06
    1456.5 2.74781e-06
    1457.5 2.74242e-06
    1458.5 2.73704e-06
    1459.5 2.73167e-06
    1460.5 2.72631e-06
    1461.5 2.72097e-06
    1462.5 2.71563e-06
    1463.5 2.7103e-06
    1464.5 2.70499e-06
    1465.5 2.69968e-06
    1466.5 2.69439e-06
    1467.5 2.6891e-06
    1468.5 2.68383e-06
    1469.5 2.67857e-06
    1470.5 2.67331e-06
    1471.5 2.66807e-06
    1472.5 2.66284e-06
    1473.5 2.65762e-06
    1474.5 2.65241e-06
    1475.5 2.64721e-06
    1476.5 2.64202e-06
    1477.5 2.63684e-06
    1478.5 2.63167e-06
    1479.5 2.62651e-06
    1480.5 2.62136e-06
    1481.5 2.61622e-06
    1482.5 2.61109e-06
    1483.5 2.60597e-06
    1484.5 2.60087e-06
    1485.5 2.59577e-06
    1486.5 2.59068e-06
    1487.5 2.5856e-06
    1488.5 2.58053e-06
    1489.5 2.57548e-06
    1490.5 2.57043e-06
    1491.5 2.56539e-06
    1492.5 2.56036e-06
    1493.5 2.55535e-06
    1494.5 2.55034e-06
    1495.5 2.54534e-06
    1496.5 2.54035e-06
    1497.5 2.53537e-06
    1498.5 2.53041e-06
    1499.5 2.52545e-06
    1500.5 2.5205e-06
    1501.5 2.51556e-06
    1502.5 2.51063e-06
    1503.5 2.50571e-06
    1504.5 2.5008e-06
    1505.5 2.4959e-06
    1506.5 2.49101e-06
    1507.5 2.48613e-06
    1508.5 2.48126e-06
    1509.5 2.4764e-06
    1510.5 2.47155e-06
    1511.5 2.46671e-06
    1512.5 2.46188e-06
    1513.5 2.45706e-06
    1514.5 2.45224e-06
    1515.5 2.44744e-06
    1516.5 2.44265e-06
    1517.5 2.43786e-06
    1518.5 2.43309e-06
    1519.5 2.42832e-06
    1520.5 2.42357e-06
    1521.5 2.41882e-06
    1522.5 2.41408e-06
    1523.5 2.40936e-06
    1524.5 2.40464e-06
    1525.5 2.39993e-06
    1526.5 2.39523e-06
    1527.5 2.39054e-06
    1528.5 2.38586e-06
    1529.5 2.38119e-06
    1530.5 2.37653e-06
    1531.5 2.37187e-06
    1532.5 2.36723e-06
    1533.5 2.36259e-06
    1534.5 2.35797e-06
    1535.5 2.35335e-06
    1536.5 2.34875e-06
    1537.5 2.34415e-06
    1538.5 2.33956e-06
    1539.5 2.33498e-06
    1540.5 2.33041e-06
    1541.5 2.32585e-06
    1542.5 2.32129e-06
    1543.5 2.31675e-06
    1544.5 2.31222e-06
    1545.5 2.30769e-06
    1546.5 2.30317e-06
    1547.5 2.29867e-06
    1548.5 2.29417e-06
    1549.5 2.28968e-06
    1550.5 2.2852e-06
    1551.5 2.28072e-06
    1552.5 2.27626e-06
    1553.5 2.27181e-06
    1554.5 2.26736e-06
    1555.5 2.26292e-06
    1556.5 2.2585e-06
    1557.5 2.25408e-06
    1558.5 2.24967e-06
    1559.5 2.24526e-06
    1560.5 2.24087e-06
    1561.5 2.23649e-06
    1562.5 2.23211e-06
    1563.5 2.22774e-06
    1564.5 2.22338e-06
    1565.5 2.21903e-06
    1566.5 2.21469e-06
    1567.5 2.21036e-06
    1568.5 2.20604e-06
    1569.5 2.20172e-06
    1570.5 2.19741e-06
    1571.5 2.19312e-06
    1572.5 2.18883e-06
    1573.5 2.18454e-06
    1574.5 2.18027e-06
    1575.5 2.17601e-06
    1576.5 2.17175e-06
    1577.5 2.1675e-06
    1578.5 2.16326e-06
    1579.5 2.15903e-06
    1580.5 2.15481e-06
    1581.5 2.1506e-06
    1582.5 2.14639e-06
    1583.5 2.14219e-06
    1584.5  2.138e-06
    1585.5 2.13382e-06
    1586.5 2.12965e-06
    1587.5 2.12549e-06
    1588.5 2.12133e-06
    1589.5 2.11718e-06
    1590.5 2.11304e-06
    1591.5 2.10891e-06
    1592.5 2.10479e-06
    1593.5 2.10067e-06
    1594.5 2.09656e-06
    1595.5 2.09247e-06
    1596.5 2.08837e-06
    1597.5 2.08429e-06
    1598.5 2.08022e-06
    1599.5 2.07615e-06
    1600.5 2.07209e-06
    1601.5 2.06804e-06
    1602.5  2.064e-06
    1603.5 2.05996e-06
    1604.5 2.05594e-06
    1605.5 2.05192e-06
    1606.5 2.04791e-06
    1607.5 2.0439e-06
    1608.5 2.03991e-06
    1609.5 2.03592e-06
    1610.5 2.03194e-06
    1611.5 2.02797e-06
    1612.5 2.02401e-06
    1613.5 2.02005e-06
    1614.5 2.0161e-06
    1615.5 2.01216e-06
    1616.5 2.00823e-06
    1617.5 2.00431e-06
    1618.5 2.00039e-06
    1619.5 1.99648e-06
    1620.5 1.99258e-06
    1621.5 1.98869e-06
    1622.5 1.9848e-06
    1623.5 1.98092e-06
    1624.5 1.97705e-06
    1625.5 1.97319e-06
    1626.5 1.96933e-06
    1627.5 1.96549e-06
    1628.5 1.96165e-06
    1629.5 1.95781e-06
    1630.5 1.95399e-06
    1631.5 1.95017e-06
    1632.5 1.94636e-06
    1633.5 1.94256e-06
    1634.5 1.93876e-06
    1635.5 1.93498e-06
    1636.5 1.9312e-06
    1637.5 1.92742e-06
    1638.5 1.92366e-06
    1639.5 1.9199e-06
    1640.5 1.91615e-06
    1641.5 1.91241e-06
    1642.5 1.90867e-06
    1643.5 1.90494e-06
    1644.5 1.90122e-06
    1645.5 1.89751e-06
    1646.5 1.8938e-06
    1647.5 1.89011e-06
    1648.5 1.88641e-06
    1649.5 1.88273e-06
    1650.5 1.87905e-06
    1651.5 1.87538e-06
    1652.5 1.87172e-06
    1653.5 1.86807e-06
    1654.5 1.86442e-06
    1655.5 1.86078e-06
    1656.5 1.85714e-06
    1657.5 1.85352e-06
    1658.5 1.8499e-06
    1659.5 1.84629e-06
    1660.5 1.84268e-06
    1661.5 1.83908e-06
    1662.5 1.83549e-06
    1663.5 1.83191e-06
    1664.5 1.82833e-06
    1665.5 1.82476e-06
    1666.5 1.8212e-06
    1667.5 1.81764e-06
    1668.5 1.8141e-06
    1669.5 1.81055e-06
    1670.5 1.80702e-06
    1671.5 1.80349e-06
    1672.5 1.79997e-06
    1673.5 1.79646e-06
    1674.5 1.79295e-06
    1675.5 1.78945e-06
    1676.5 1.78596e-06
    1677.5 1.78247e-06
    1678.5 1.77899e-06
    1679.5 1.77552e-06
    1680.5 1.77205e-06
    1681.5 1.7686e-06
    1682.5 1.76514e-06
    1683.5 1.7617e-06
    1684.5 1.75826e-06
    1685.5 1.75483e-06
    1686.5 1.7514e-06
    1687.5 1.74799e-06
    1688.5 1.74457e-06
    1689.5 1.74117e-06
    1690.5 1.73777e-06
    1691.5 1.73438e-06
    1692.5  1.731e-06
    1693.5 1.72762e-06
    1694.5 1.72425e-06
    1695.5 1.72088e-06
    1696.5 1.71752e-06
    1697.5 1.71417e-06
    1698.5 1.71083e-06
    1699.5 1.70749e-06
    1700.5 1.70416e-06
    1701.5 1.70083e-06
    1702.5 1.69752e-06
    1703.5 1.6942e-06
    1704.5 1.6909e-06
    1705.5 1.6876e-06
    1706.5 1.68431e-06
    1707.5 1.68102e-06
    1708.5 1.67774e-06
    1709.5 1.67447e-06
    1710.5 1.6712e-06
    1711.5 1.66794e-06
    1712.5 1.66469e-06
    1713.5 1.66144e-06
    1714.5 1.6582e-06
    1715.5 1.65496e-06
    1716.5 1.65174e-06
    1717.5 1.64851e-06
    1718.5 1.6453e-06
    1719.5 1.64209e-06
    1720.5 1.63889e-06
    1721.5 1.63569e-06
    1722.5 1.6325e-06
    1723.5 1.62932e-06
    1724.5 1.62614e-06
    1725.5 1.62297e-06
    1726.5 1.6198e-06
    1727.5 1.61664e-06
    1728.5 1.61349e-06
    1729.5 1.61034e-06
    1730.5 1.6072e-06
    1731.5 1.60407e-06
    1732.5 1.60094e-06
    1733.5 1.59782e-06
    1734.5 1.5947e-06
    1735.5 1.59159e-06
    1736.5 1.58849e-06
    1737.5 1.58539e-06
    1738.5 1.5823e-06
    1739.5 1.57922e-06
    1740.5 1.57614e-06
    1741.5 1.57306e-06
    1742.5   1.57e-06
    1743.5 1.56694e-06
    1744.5 1.56388e-06
    1745.5 1.56083e-06
    1746.5 1.55779e-06
    1747.5 1.55475e-06
    1748.5 1.55172e-06
    1749.5 1.54869e-06
    1750.5 1.54568e-06
    1751.5 1.54266e-06
    1752.5 1.53965e-06
    1753.5 1.53665e-06
    1754.5 1.53366e-06
    1755.5 1.53067e-06
    1756.5 1.52768e-06
    1757.5 1.52471e-06
    1758.5 1.52173e-06
    1759.5 1.51877e-06
    1760.5 1.51581e-06
    1761.5 1.51285e-06
    1762.5 1.5099e-06
    1763.5 1.50696e-06
    1764.5 1.50402e-06
    1765.5 1.50109e-06
    1766.5 1.49817e-06
    1767.5 1.49525e-06
    1768.5 1.49233e-06
    1769.5 1.48942e-06
    1770.5 1.48652e-06
    1771.5 1.48363e-06
    1772.5 1.48073e-06
    1773.5 1.47785e-06
    1774.5 1.47497e-06
    1775.5 1.47209e-06
    1776.5 1.46923e-06
    1777.5 1.46636e-06
    1778.5 1.4635e-06
    1779.5 1.46065e-06
    1780.5 1.45781e-06
    1781.5 1.45497e-06
    1782.5 1.45213e-06
    1783.5 1.4493e-06
    1784.5 1.44648e-06
    1785.5 1.44366e-06
    1786.5 1.44085e-06
    1787.5 1.43804e-06
    1788.5 1.43524e-06
    1789.5 1.43244e-06
    1790.5 1.42965e-06
    1791.5 1.42686e-06
    1792.5 1.42408e-06
    1793.5 1.42131e-06
    1794.5 1.41854e-06
    1795.5 1.41578e-06
    1796.5 1.41302e-06
    1797.5 1.41027e-06
    1798.5 1.40752e-06
    1799.5 1.40478e-06
    1800.5 1.40204e-06
    1801.5 1.39931e-06
    1802.5 1.39658e-06
    1803.5 1.39386e-06
    1804.5 1.39115e-06
    1805.5 1.38844e-06
    1806.5 1.38573e-06
    1807.5 1.38304e-06
    1808.5 1.38034e-06
    1809.5 1.37765e-06
    1810.5 1.37497e-06
    1811.5 1.37229e-06
    1812.5 1.36962e-06
    1813.5 1.36695e-06
    1814.5 1.36429e-06
    1815.5 1.36163e-06
    1816.5 1.35898e-06
    1817.5 1.35633e-06
    1818.5 1.35369e-06
    1819.5 1.35106e-06
    1820.5 1.34843e-06
    1821.5 1.3458e-06
    1822.5 1.34318e-06
    1823.5 1.34056e-06
    1824.5 1.33795e-06
    1825.5 1.33535e-06
    1826.5 1.33275e-06
    1827.5 1.33015e-06
    1828.5 1.32756e-06
    1829.5 1.32498e-06
    1830.5 1.3224e-06
    1831.5 1.31982e-06
    1832.5 1.31725e-06
    1833.5 1.31469e-06
    1834.5 1.31213e-06
    1835.5 1.30957e-06
    1836.5 1.30702e-06
    1837.5 1.30448e-06
    1838.5 1.30194e-06
    1839.5 1.2994e-06
    1840.5 1.29687e-06
    1841.5 1.29435e-06
    1842.5 1.29183e-06
    1843.5 1.28931e-06
    1844.5 1.2868e-06
    1845.5 1.2843e-06
    1846.5 1.2818e-06
    1847.5 1.2793e-06
    1848.5 1.27681e-06
    1849.5 1.27433e-06
    1850.5 1.27185e-06
    1851.5 1.26937e-06
    1852.5 1.2669e-06
    1853.5 1.26443e-06
    1854.5 1.26197e-06
    1855.5 1.25952e-06
    1856.5 1.25707e-06
    1857.5 1.25462e-06
    1858.5 1.25218e-06
    1859.5 1.24974e-06
    1860.5 1.24731e-06
    1861.5 1.24488e-06
    1862.5 1.24246e-06
    1863.5 1.24004e-06
    1864.5 1.23763e-06
    1865.5 1.23522e-06
    1866.5 1.23281e-06
    1867.5 1.23041e-06
    1868.5 1.22802e-06
    1869.5 1.22563e-06
    1870.5 1.22324e-06
    1871.5 1.22086e-06
    1872.5 1.21849e-06
    1873.5 1.21612e-06
    1874.5 1.21375e-06
    1875.5 1.21139e-06
    1876.5 1.20903e-06
    1877.5 1.20668e-06
    1878.5 1.20433e-06
    1879.5 1.20199e-06
    1880.5 1.19965e-06
    1881.5 1.19731e-06
    1882.5 1.19498e-06
    1883.5 1.19266e-06
    1884.5 1.19034e-06
    1885.5 1.18802e-06
    1886.5 1.18571e-06
    1887.5 1.1834e-06
    1888.5 1.1811e-06
    1889.5 1.1788e-06
    1890.5 1.17651e-06
    1891.5 1.17422e-06
    1892.5 1.17194e-06
    1893.5 1.16966e-06
    1894.5 1.16738e-06
    1895.5 1.16511e-06
    1896.5 1.16284e-06
    1897.5 1.16058e-06
    1898.5 1.15832e-06
    1899.5 1.15607e-06
    1900.5 1.15382e-06
    1901.5 1.15158e-06
    1902.5 1.14934e-06
    1903.5 1.1471e-06
    1904.5 1.14487e-06
    1905.5 1.14264e-06
    1906.5 1.14042e-06
    1907.5 1.1382e-06
    1908.5 1.13599e-06
    1909.5 1.13378e-06
    1910.5 1.13157e-06
    1911.5 1.12937e-06
    1912.5 1.12717e-06
    1913.5 1.12498e-06
    1914.5 1.12279e-06
    1915.5 1.12061e-06
    1916.5 1.11843e-06
    1917.5 1.11626e-06
    1918.5 1.11408e-06
    1919.5 1.11192e-06
    1920.5 1.10976e-06
    1921.5 1.1076e-06
    1922.5 1.10544e-06
    1923.5 1.10329e-06
    1924.5 1.10115e-06
    1925.5 1.09901e-06
    1926.5 1.09687e-06
    1927.5 1.09474e-06
    1928.5 1.09261e-06
    1929.5 1.09048e-06
    1930.5 1.08836e-06
    1931.5 1.08625e-06
    1932.5 1.08413e-06
    1933.5 1.08202e-06
    1934.5 1.07992e-06
    1935.5 1.07782e-06
    1936.5 1.07573e-06
    1937.5 1.07363e-06
    1938.5 1.07155e-06
    1939.5 1.06946e-06
    1940.5 1.06738e-06
    1941.5 1.06531e-06
    1942.5 1.06324e-06
    1943.5 1.06117e-06
    1944.5 1.05911e-06
    1945.5 1.05705e-06
    1946.5 1.05499e-06
    1947.5 1.05294e-06
    1948.5 1.05089e-06
    1949.5 1.04885e-06
    1950.5 1.04681e-06
    1951.5 1.04478e-06
    1952.5 1.04275e-06
    1953.5 1.04072e-06
    1954.5 1.03869e-06
    1955.5 1.03668e-06
    1956.5 1.03466e-06
    1957.5 1.03265e-06
    1958.5 1.03064e-06
    1959.5 1.02864e-06
    1960.5 1.02664e-06
    1961.5 1.02464e-06
    1962.5 1.02265e-06
    1963.5 1.02066e-06
    1964.5 1.01868e-06
    1965.5 1.0167e-06
    1966.5 1.01472e-06
    1967.5 1.01275e-06
    1968.5 1.01078e-06
    1969.5 1.00882e-06
    1970.5 1.00686e-06
    1971.5 1.0049e-06
    1972.5 1.00295e-06
    1973.5  1.001e-06
    1974.5 9.99052e-07
    1975.5 9.9711e-07
    1976.5 9.95172e-07
    1977.5 9.93238e-07
    1978.5 9.91308e-07
    1979.5 9.89381e-07
    1980.5 9.87458e-07
    1981.5 9.85539e-07
    1982.5 9.83624e-07
    1983.5 9.81712e-07
    1984.5 9.79804e-07
    1985.5  9.779e-07
    1986.5   9.76e-07
    1987.5 9.74103e-07
    1988.5 9.7221e-07
    1989.5 9.70321e-07
    1990.5 9.68435e-07
    1991.5 9.66554e-07
    1992.5 9.64675e-07
    1993.5 9.62801e-07
    1994.5 9.6093e-07
    1995.5 9.59063e-07
    1996.5 9.57199e-07
    1997.5 9.55339e-07
    1998.5 9.53483e-07
    1999.5 9.5163e-07
    2000.5 9.49781e-07
    2001.5 9.47936e-07
    2002.5 9.46094e-07
    2003.5 9.44256e-07
    2004.5 9.42421e-07
    2005.5 9.4059e-07
    2006.5 9.38763e-07
    2007.5 9.36939e-07
    2008.5 9.35119e-07
    2009.5 9.33302e-07
    2010.5 9.31489e-07
    2011.5 9.29679e-07
    2012.5 9.27873e-07
    2013.5 9.2607e-07
    2014.5 9.24271e-07
    2015.5 9.22475e-07
    2016.5 9.20683e-07
    2017.5 9.18895e-07
    2018.5 9.1711e-07
    2019.5 9.15328e-07
    2020.5 9.1355e-07
    2021.5 9.11775e-07
    2022.5 9.10004e-07
    2023.5 9.08236e-07
    2024.5 9.06472e-07
    2025.5 9.04711e-07
    2026.5 9.02954e-07
    2027.5  9.012e-07
    2028.5 8.99449e-07
    2029.5 8.97702e-07
    2030.5 8.95959e-07
    2031.5 8.94218e-07
    2032.5 8.92481e-07
    2033.5 8.90748e-07
    2034.5 8.89018e-07
    2035.5 8.87291e-07
    2036.5 8.85568e-07
    2037.5 8.83848e-07
    2038.5 8.82131e-07
    2039.5 8.80418e-07
    2040.5 8.78708e-07
    2041.5 8.77001e-07
    2042.5 8.75298e-07
    2043.5 8.73598e-07
    2044.5 8.71901e-07
    2045.5 8.70208e-07
    2046.5 8.68518e-07
    2047.5 8.66831e-07
    2048.5 8.65148e-07
    2049.5 8.63468e-07
    2050.5 8.61791e-07
    2051.5 8.60118e-07
    2052.5 8.58447e-07
    2053.5 8.5678e-07
    2054.5 8.55116e-07
    2055.5 8.53456e-07
    2056.5 8.51799e-07
    2057.5 8.50144e-07
    2058.5 8.48494e-07
    2059.5 8.46846e-07
    2060.5 8.45202e-07
    2061.5 8.4356e-07
    2062.5 8.41922e-07
    2063.5 8.40288e-07
    2064.5 8.38656e-07
    2065.5 8.37028e-07
    2066.5 8.35402e-07
    2067.5 8.3378e-07
    2068.5 8.32161e-07
    2069.5 8.30546e-07
    2070.5 8.28933e-07
    2071.5 8.27324e-07
    2072.5 8.25717e-07
    2073.5 8.24114e-07
    2074.5 8.22514e-07
    2075.5 8.20917e-07
    2076.5 8.19323e-07
    2077.5 8.17733e-07
    2078.5 8.16145e-07
    2079.5 8.14561e-07
    2080.5 8.12979e-07
    2081.5 8.11401e-07
    2082.5 8.09826e-07
    2083.5 8.08254e-07
    2084.5 8.06684e-07
    2085.5 8.05118e-07
    2086.5 8.03555e-07
    2087.5 8.01996e-07
    2088.5 8.00439e-07
    2089.5 7.98885e-07
    2090.5 7.97334e-07
    2091.5 7.95786e-07
    2092.5 7.94241e-07
    2093.5  7.927e-07
    2094.5 7.91161e-07
    2095.5 7.89625e-07
    2096.5 7.88092e-07
    2097.5 7.86563e-07
    2098.5 7.85036e-07
    2099.5 7.83512e-07
    2100.5 7.81991e-07
    2101.5 7.80473e-07
    2102.5 7.78959e-07
    2103.5 7.77447e-07
    2104.5 7.75938e-07
    2105.5 7.74432e-07
    2106.5 7.72928e-07
    2107.5 7.71428e-07
    2108.5 7.69931e-07
    2109.5 7.68437e-07
    2110.5 7.66945e-07
    2111.5 7.65457e-07
    2112.5 7.63971e-07
    2113.5 7.62488e-07
    2114.5 7.61009e-07
    2115.5 7.59532e-07
    2116.5 7.58058e-07
    2117.5 7.56586e-07
    2118.5 7.55118e-07
    2119.5 7.53653e-07
    2120.5 7.5219e-07
    2121.5 7.5073e-07
    2122.5 7.49273e-07
    2123.5 7.47819e-07
    2124.5 7.46368e-07
    2125.5 7.4492e-07
    2126.5 7.43474e-07
    2127.5 7.42031e-07
    2128.5 7.40592e-07
    2129.5 7.39154e-07
    2130.5 7.3772e-07
    2131.5 7.36289e-07
    2132.5 7.3486e-07
    2133.5 7.33434e-07
    2134.5 7.32011e-07
    2135.5 7.3059e-07
    2136.5 7.29173e-07
    2137.5 7.27758e-07
    2138.5 7.26346e-07
    2139.5 7.24936e-07
    2140.5 7.2353e-07
    2141.5 7.22126e-07
    2142.5 7.20725e-07
    2143.5 7.19326e-07
    2144.5 7.17931e-07
    2145.5 7.16538e-07
    2146.5 7.15147e-07
    2147.5 7.1376e-07
    2148.5 7.12375e-07
    2149.5 7.10993e-07
    2150.5 7.09614e-07
    2151.5 7.08237e-07
    2152.5 7.06863e-07
    2153.5 7.05491e-07
    2154.5 7.04123e-07
    2155.5 7.02757e-07
    2156.5 7.01393e-07
    2157.5 7.00033e-07
    2158.5 6.98675e-07
    2159.5 6.97319e-07
    2160.5 6.95966e-07
    2161.5 6.94616e-07
    2162.5 6.93269e-07
    2163.5 6.91924e-07
    2164.5 6.90582e-07
    2165.5 6.89242e-07
    2166.5 6.87905e-07
    2167.5 6.8657e-07
    2168.5 6.85239e-07
    2169.5 6.83909e-07
    2170.5 6.82583e-07
    2171.5 6.81259e-07
    2172.5 6.79937e-07
    2173.5 6.78618e-07
    2174.5 6.77302e-07
    2175.5 6.75988e-07
    2176.5 6.74677e-07
    2177.5 6.73368e-07
    2178.5 6.72062e-07
    2179.5 6.70759e-07
    2180.5 6.69458e-07
    2181.5 6.68159e-07
    2182.5 6.66863e-07
    2183.5 6.6557e-07
    2184.5 6.64279e-07
    2185.5 6.6299e-07
    2186.5 6.61704e-07
    2187.5 6.60421e-07
    2188.5 6.5914e-07
    2189.5 6.57862e-07
    2190.5 6.56586e-07
    2191.5 6.55312e-07
    2192.5 6.54041e-07
    2193.5 6.52773e-07
    2194.5 6.51507e-07
    2195.5 6.50243e-07
    2196.5 6.48982e-07
    2197.5 6.47724e-07
    2198.5 6.46468e-07
    2199.5 6.45214e-07
    2200.5 6.43963e-07
    2201.5 6.42714e-07
    2202.5 6.41467e-07
    2203.5 6.40223e-07
    2204.5 6.38982e-07
    2205.5 6.37743e-07
    2206.5 6.36506e-07
    2207.5 6.35272e-07
    2208.5 6.3404e-07
    2209.5 6.3281e-07
    2210.5 6.31583e-07
    2211.5 6.30358e-07
    2212.5 6.29136e-07
    2213.5 6.27916e-07
    2214.5 6.26699e-07
    2215.5 6.25483e-07
    2216.5 6.24271e-07
    2217.5 6.2306e-07
    2218.5 6.21852e-07
    2219.5 6.20646e-07
    2220.5 6.19443e-07
    2221.5 6.18242e-07
    2222.5 6.17043e-07
    2223.5 6.15846e-07
    2224.5 6.14652e-07
    2225.5 6.13461e-07
    2226.5 6.12271e-07
    2227.5 6.11084e-07
    2228.5 6.09899e-07
    2229.5 6.08717e-07
    2230.5 6.07537e-07
    2231.5 6.06359e-07
    2232.5 6.05183e-07
    2233.5 6.0401e-07
    2234.5 6.02839e-07
    2235.5 6.0167e-07
    2236.5 6.00503e-07
    2237.5 5.99339e-07
    2238.5 5.98177e-07
    2239.5 5.97018e-07
    2240.5 5.9586e-07
    2241.5 5.94705e-07
    2242.5 5.93552e-07
    2243.5 5.92401e-07
    2244.5 5.91253e-07
    2245.5 5.90107e-07
    2246.5 5.88963e-07
    2247.5 5.87821e-07
    2248.5 5.86682e-07
    2249.5 5.85544e-07
    2250.5 5.84409e-07
    2251.5 5.83276e-07
    2252.5 5.82146e-07
    2253.5 5.81017e-07
    2254.5 5.79891e-07
    2255.5 5.78767e-07
    2256.5 5.77645e-07
    2257.5 5.76525e-07
    2258.5 5.75408e-07
    2259.5 5.74292e-07
    2260.5 5.73179e-07
    2261.5 5.72068e-07
    2262.5 5.70959e-07
    2263.5 5.69852e-07
    2264.5 5.68748e-07
    2265.5 5.67645e-07
    2266.5 5.66545e-07
    2267.5 5.65447e-07
    2268.5 5.64351e-07
    2269.5 5.63257e-07
    2270.5 5.62165e-07
    2271.5 5.61076e-07
    2272.5 5.59988e-07
    2273.5 5.58903e-07
    2274.5 5.5782e-07
    2275.5 5.56739e-07
    2276.5 5.5566e-07
    2277.5 5.54583e-07
    2278.5 5.53508e-07
    2279.5 5.52435e-07
    2280.5 5.51364e-07
    2281.5 5.50296e-07
    2282.5 5.49229e-07
    2283.5 5.48165e-07
    2284.5 5.47102e-07
    2285.5 5.46042e-07
    2286.5 5.44984e-07
    2287.5 5.43928e-07
    2288.5 5.42874e-07
    2289.5 5.41822e-07
    2290.5 5.40772e-07
    2291.5 5.39724e-07
    2292.5 5.38678e-07
    2293.5 5.37634e-07
    2294.5 5.36592e-07
    2295.5 5.35552e-07
    2296.5 5.34514e-07
    2297.5 5.33478e-07
    2298.5 5.32445e-07
    2299.5 5.31413e-07
    2300.5 5.30383e-07
    2301.5 5.29355e-07
    2302.5 5.2833e-07
    2303.5 5.27306e-07
    2304.5 5.26284e-07
    2305.5 5.25264e-07
    2306.5 5.24246e-07
    2307.5 5.23231e-07
    2308.5 5.22217e-07
    2309.5 5.21205e-07
    2310.5 5.20195e-07
    2311.5 5.19187e-07
    2312.5 5.18181e-07
    2313.5 5.17177e-07
    2314.5 5.16175e-07
    2315.5 5.15175e-07
    2316.5 5.14176e-07
    2317.5 5.1318e-07
    2318.5 5.12186e-07
    2319.5 5.11194e-07
    2320.5 5.10203e-07
    2321.5 5.09215e-07
    2322.5 5.08228e-07
    2323.5 5.07243e-07
    2324.5 5.06261e-07
    2325.5 5.0528e-07
    2326.5 5.04301e-07
    2327.5 5.03324e-07
    2328.5 5.02349e-07
    2329.5 5.01375e-07
    2330.5 5.00404e-07
    2331.5 4.99434e-07
    2332.5 4.98467e-07
    2333.5 4.97501e-07
    2334.5 4.96537e-07
    2335.5 4.95575e-07
    2336.5 4.94615e-07
    2337.5 4.93657e-07
    2338.5 4.92701e-07
    2339.5 4.91746e-07
    2340.5 4.90794e-07
    2341.5 4.89843e-07
    2342.5 4.88894e-07
    2343.5 4.87947e-07
    2344.5 4.87002e-07
    2345.5 4.86058e-07
    2346.5 4.85117e-07
    2347.5 4.84177e-07
    2348.5 4.83239e-07
    2349.5 4.82303e-07
    2350.5 4.81369e-07
    2351.5 4.80436e-07
    2352.5 4.79505e-07
    2353.5 4.78577e-07
    2354.5 4.7765e-07
    2355.5 4.76724e-07
    2356.5 4.75801e-07
    2357.5 4.74879e-07
    2358.5 4.73959e-07
    2359.5 4.73041e-07
    2360.5 4.72125e-07
    2361.5 4.71211e-07
    2362.5 4.70298e-07
    2363.5 4.69387e-07
    2364.5 4.68478e-07
    2365.5 4.6757e-07
    2366.5 4.66665e-07
    2367.5 4.65761e-07
    2368.5 4.64859e-07
    2369.5 4.63958e-07
    2370.5 4.6306e-07
    2371.5 4.62163e-07
    2372.5 4.61268e-07
    2373.5 4.60374e-07
    2374.5 4.59483e-07
    2375.5 4.58593e-07
    2376.5 4.57705e-07
    2377.5 4.56818e-07
    2378.5 4.55933e-07
    2379.5 4.5505e-07
    2380.5 4.54169e-07
    2381.5 4.53289e-07
    2382.5 4.52412e-07
    2383.5 4.51535e-07
    2384.5 4.50661e-07
    2385.5 4.49788e-07
    2386.5 4.48917e-07
    2387.5 4.48048e-07
    2388.5 4.4718e-07
    2389.5 4.46314e-07
    2390.5 4.4545e-07
    2391.5 4.44587e-07
    2392.5 4.43726e-07
    2393.5 4.42867e-07
    2394.5 4.42009e-07
    2395.5 4.41153e-07
    2396.5 4.40299e-07
    2397.5 4.39446e-07
    2398.5 4.38595e-07
    2399.5 4.37746e-07
    2400.5 4.36898e-07
    2401.5 4.36052e-07
    2402.5 4.35208e-07
    2403.5 4.34365e-07
    2404.5 4.33524e-07
    2405.5 4.32684e-07
    2406.5 4.31847e-07
    2407.5 4.3101e-07
    2408.5 4.30176e-07
    2409.5 4.29343e-07
    2410.5 4.28511e-07
    2411.5 4.27682e-07
    2412.5 4.26853e-07
    2413.5 4.26027e-07
    2414.5 4.25202e-07
    2415.5 4.24379e-07
    2416.5 4.23557e-07
    2417.5 4.22737e-07
    2418.5 4.21918e-07
    2419.5 4.21101e-07
    2420.5 4.20286e-07
    2421.5 4.19472e-07
    2422.5 4.1866e-07
    2423.5 4.1785e-07
    2424.5 4.17041e-07
    2425.5 4.16233e-07
    2426.5 4.15427e-07
    2427.5 4.14623e-07
    2428.5 4.1382e-07
    2429.5 4.13019e-07
    2430.5 4.12219e-07
    2431.5 4.11421e-07
    2432.5 4.10625e-07
    2433.5 4.0983e-07
    2434.5 4.09036e-07
    2435.5 4.08244e-07
    2436.5 4.07454e-07
    2437.5 4.06665e-07
    2438.5 4.05878e-07
    2439.5 4.05092e-07
    2440.5 4.04308e-07
    2441.5 4.03525e-07
    2442.5 4.02744e-07
    2443.5 4.01964e-07
    2444.5 4.01186e-07
    2445.5 4.00409e-07
    2446.5 3.99634e-07
    2447.5 3.9886e-07
    2448.5 3.98088e-07
    2449.5 3.97318e-07
    2450.5 3.96548e-07
    2451.5 3.95781e-07
    2452.5 3.95015e-07
    2453.5 3.9425e-07
    2454.5 3.93487e-07
    2455.5 3.92725e-07
    2456.5 3.91965e-07
    2457.5 3.91206e-07
    2458.5 3.90449e-07
    2459.5 3.89693e-07
    2460.5 3.88939e-07
    2461.5 3.88186e-07
    2462.5 3.87434e-07
    2463.5 3.86684e-07
    2464.5 3.85936e-07
    2465.5 3.85189e-07
    2466.5 3.84443e-07
    2467.5 3.83699e-07
    2468.5 3.82956e-07
    2469.5 3.82215e-07
    2470.5 3.81475e-07
    2471.5 3.80737e-07
    2472.5    3.8e-07
    2473.5 3.79264e-07
    2474.5 3.7853e-07
    2475.5 3.77798e-07
    2476.5 3.77066e-07
    2477.5 3.76336e-07
    2478.5 3.75608e-07
    2479.5 3.74881e-07
    2480.5 3.74155e-07
    2481.5 3.73431e-07
    2482.5 3.72708e-07
    2483.5 3.71987e-07
    2484.5 3.71267e-07
    2485.5 3.70549e-07
    2486.5 3.69831e-07
    2487.5 3.69116e-07
    2488.5 3.68401e-07
    2489.5 3.67688e-07
    2490.5 3.66977e-07
    2491.5 3.66266e-07
    2492.5 3.65557e-07
    2493.5 3.6485e-07
    2494.5 3.64144e-07
    2495.5 3.63439e-07
    2496.5 3.62736e-07
    2497.5 3.62034e-07
    2498.5 3.61333e-07
    2499.5 3.60634e-07
    2500.5 3.59936e-07
    2501.5 3.59239e-07
    2502.5 3.58544e-07
    2503.5 3.5785e-07
    2504.5 3.57158e-07
    2505.5 3.56466e-07
    2506.5 3.55777e-07
    2507.5 3.55088e-07
    2508.5 3.54401e-07
    2509.5 3.53715e-07
    2510.5 3.53031e-07
    2511.5 3.52347e-07
    2512.5 3.51666e-07
    2513.5 3.50985e-07
    2514.5 3.50306e-07
    2515.5 3.49628e-07
    2516.5 3.48951e-07
    2517.5 3.48276e-07
    2518.5 3.47602e-07
    2519.5 3.46929e-07
    2520.5 3.46258e-07
    2521.5 3.45588e-07
    2522.5 3.44919e-07
    2523.5 3.44252e-07
    2524.5 3.43586e-07
    2525.5 3.42921e-07
    2526.5 3.42257e-07
    2527.5 3.41595e-07
    2528.5 3.40934e-07
    2529.5 3.40274e-07
    2530.5 3.39616e-07
    2531.5 3.38959e-07
    2532.5 3.38303e-07
    2533.5 3.37648e-07
    2534.5 3.36995e-07
    2535.5 3.36343e-07
    2536.5 3.35692e-07
    2537.5 3.35043e-07
    2538.5 3.34394e-07
    2539.5 3.33747e-07
    2540.5 3.33102e-07
    2541.5 3.32457e-07
    2542.5 3.31814e-07
    2543.5 3.31172e-07
    2544.5 3.30531e-07
    2545.5 3.29892e-07
    2546.5 3.29253e-07
    2547.5 3.28616e-07
    2548.5 3.27981e-07
    2549.5 3.27346e-07
    2550.5 3.26713e-07
    2551.5 3.2608e-07
    2552.5 3.2545e-07
    2553.5 3.2482e-07
    2554.5 3.24192e-07
    2555.5 3.23564e-07
    2556.5 3.22938e-07
    2557.5 3.22314e-07
    2558.5 3.2169e-07
    2559.5 3.21068e-07
    2560.5 3.20446e-07
    2561.5 3.19826e-07
    2562.5 3.19208e-07
    2563.5 3.1859e-07
    2564.5 3.17974e-07
    2565.5 3.17359e-07
    2566.5 3.16745e-07
    2567.5 3.16132e-07
    2568.5 3.1552e-07
    2569.5 3.1491e-07
    2570.5 3.14301e-07
    2571.5 3.13693e-07
    2572.5 3.13086e-07
    2573.5 3.1248e-07
    2574.5 3.11876e-07
    2575.5 3.11272e-07
    2576.5 3.1067e-07
    2577.5 3.10069e-07
    2578.5 3.09469e-07
    2579.5 3.08871e-07
    2580.5 3.08273e-07
    2581.5 3.07677e-07
    2582.5 3.07082e-07
    2583.5 3.06488e-07
    2584.5 3.05895e-07
    2585.5 3.05303e-07
    2586.5 3.04713e-07
    2587.5 3.04123e-07
    2588.5 3.03535e-07
    2589.5 3.02948e-07
    2590.5 3.02362e-07
    2591.5 3.01777e-07
    2592.5 3.01193e-07
    2593.5 3.0061e-07
    2594.5 3.00029e-07
    2595.5 2.99449e-07
    2596.5 2.98869e-07
    2597.5 2.98291e-07
    2598.5 2.97714e-07
    2599.5 2.97138e-07
    2600.5 2.96564e-07
    2601.5 2.9599e-07
    2602.5 2.95418e-07
    2603.5 2.94846e-07
    2604.5 2.94276e-07
    2605.5 2.93707e-07
    2606.5 2.93139e-07
    2607.5 2.92572e-07
    2608.5 2.92006e-07
    2609.5 2.91441e-07
    2610.5 2.90877e-07
    2611.5 2.90315e-07
    2612.5 2.89753e-07
    2613.5 2.89193e-07
    2614.5 2.88633e-07
    2615.5 2.88075e-07
    2616.5 2.87518e-07
    2617.5 2.86962e-07
    2618.5 2.86407e-07
    2619.5 2.85853e-07
    2620.5  2.853e-07
    2621.5 2.84748e-07
    2622.5 2.84198e-07
    2623.5 2.83648e-07
    2624.5 2.83099e-07
    2625.5 2.82552e-07
    2626.5 2.82005e-07
    2627.5 2.8146e-07
    2628.5 2.80916e-07
    2629.5 2.80372e-07
    2630.5 2.7983e-07
    2631.5 2.79289e-07
    2632.5 2.78749e-07
    2633.5 2.7821e-07
    2634.5 2.77672e-07
    2635.5 2.77135e-07
    2636.5 2.76599e-07
    2637.5 2.76064e-07
    2638.5 2.7553e-07
    2639.5 2.74997e-07
    2640.5 2.74465e-07
    2641.5 2.73935e-07
    2642.5 2.73405e-07
    2643.5 2.72876e-07
    2644.5 2.72348e-07
    2645.5 2.71822e-07
    2646.5 2.71296e-07
    2647.5 2.70771e-07
    2648.5 2.70248e-07
    2649.5 2.69725e-07
    2650.5 2.69204e-07
    2651.5 2.68683e-07
    2652.5 2.68164e-07
    2653.5 2.67645e-07
    2654.5 2.67127e-07
    2655.5 2.66611e-07
    2656.5 2.66095e-07
    2657.5 2.65581e-07
    2658.5 2.65067e-07
    2659.5 2.64555e-07
    2660.5 2.64043e-07
    2661.5 2.63532e-07
    2662.5 2.63023e-07
    2663.5 2.62514e-07
    2664.5 2.62007e-07
    2665.5  2.615e-07
    2666.5 2.60994e-07
    2667.5 2.6049e-07
    2668.5 2.59986e-07
    2669.5 2.59483e-07
    2670.5 2.58982e-07
    2671.5 2.58481e-07
    2672.5 2.57981e-07
    2673.5 2.57482e-07
    2674.5 2.56984e-07
    2675.5 2.56488e-07
    2676.5 2.55992e-07
    2677.5 2.55497e-07
    2678.5 2.55003e-07
    2679.5 2.5451e-07
    2680.5 2.54017e-07
    2681.5 2.53526e-07
    2682.5 2.53036e-07
    2683.5 2.52547e-07
    2684.5 2.52059e-07
    2685.5 2.51571e-07
    2686.5 2.51085e-07
    2687.5 2.50599e-07
    2688.5 2.50115e-07
    2689.5 2.49631e-07
    2690.5 2.49149e-07
    2691.5 2.48667e-07
    2692.5 2.48186e-07
    2693.5 2.47706e-07
    2694.5 2.47227e-07
    2695.5 2.46749e-07
    2696.5 2.46272e-07
    2697.5 2.45796e-07
    2698.5 2.45321e-07
    2699.5 2.44847e-07
    2700.5 2.44373e-07
    2701.5 2.43901e-07
    2702.5 2.43429e-07
    2703.5 2.42959e-07
    2704.5 2.42489e-07
    2705.5 2.4202e-07
    2706.5 2.41552e-07
    2707.5 2.41085e-07
    2708.5 2.40619e-07
    2709.5 2.40154e-07
    2710.5 2.3969e-07
    2711.5 2.39227e-07
    2712.5 2.38764e-07
    2713.5 2.38302e-07
    2714.5 2.37842e-07
    2715.5 2.37382e-07
    2716.5 2.36923e-07
    2717.5 2.36465e-07
    2718.5 2.36008e-07
    2719.5 2.35552e-07
    2720.5 2.35096e-07
    2721.5 2.34642e-07
    2722.5 2.34188e-07
    2723.5 2.33736e-07
    2724.5 2.33284e-07
    2725.5 2.32833e-07
    2726.5 2.32383e-07
    2727.5 2.31933e-07
    2728.5 2.31485e-07
    2729.5 2.31038e-07
    2730.5 2.30591e-07
    2731.5 2.30145e-07
    2732.5  2.297e-07
    2733.5 2.29256e-07
    2734.5 2.28813e-07
    2735.5 2.28371e-07
    2736.5 2.27929e-07
    2737.5 2.27489e-07
    2738.5 2.27049e-07
    2739.5 2.2661e-07
    2740.5 2.26172e-07
    2741.5 2.25735e-07
    2742.5 2.25299e-07
    2743.5 2.24863e-07
    2744.5 2.24429e-07
    2745.5 2.23995e-07
    2746.5 2.23562e-07
    2747.5 2.2313e-07
    2748.5 2.22698e-07
    2749.5 2.22268e-07
    2750.5 2.21838e-07
    2751.5 2.2141e-07
    2752.5 2.20982e-07
    2753.5 2.20554e-07
    2754.5 2.20128e-07
    2755.5 2.19703e-07
    2756.5 2.19278e-07
    2757.5 2.18854e-07
    2758.5 2.18431e-07
    2759.5 2.18009e-07
    2760.5 2.17588e-07
    2761.5 2.17167e-07
    2762.5 2.16747e-07
    2763.5 2.16328e-07
    2764.5 2.1591e-07
    2765.5 2.15493e-07
    2766.5 2.15076e-07
    2767.5 2.14661e-07
    2768.5 2.14246e-07
    2769.5 2.13832e-07
    2770.5 2.13419e-07
    2771.5 2.13006e-07
    2772.5 2.12594e-07
    2773.5 2.12184e-07
    2774.5 2.11773e-07
    2775.5 2.11364e-07
    2776.5 2.10956e-07
    2777.5 2.10548e-07
    2778.5 2.10141e-07
    2779.5 2.09735e-07
    2780.5 2.0933e-07
    2781.5 2.08925e-07
    2782.5 2.08521e-07
    2783.5 2.08118e-07
    2784.5 2.07716e-07
    2785.5 2.07315e-07
    2786.5 2.06914e-07
    2787.5 2.06514e-07
    2788.5 2.06115e-07
    2789.5 2.05717e-07
    2790.5 2.05319e-07
    2791.5 2.04922e-07
    2792.5 2.04526e-07
    2793.5 2.04131e-07
    2794.5 2.03736e-07
    2795.5 2.03343e-07
    2796.5 2.0295e-07
    2797.5 2.02558e-07
    2798.5 2.02166e-07
    2799.5 2.01775e-07
    2800.5 2.01386e-07
    2801.5 2.00996e-07
    2802.5 2.00608e-07
    2803.5 2.0022e-07
    2804.5 1.99833e-07
    2805.5 1.99447e-07
    2806.5 1.99062e-07
    2807.5 1.98677e-07
    2808.5 1.98293e-07
    2809.5 1.9791e-07
    2810.5 1.97528e-07
    2811.5 1.97146e-07
    2812.5 1.96765e-07
    2813.5 1.96385e-07
    2814.5 1.96005e-07
    2815.5 1.95626e-07
    2816.5 1.95248e-07
    2817.5 1.94871e-07
    2818.5 1.94495e-07
    2819.5 1.94119e-07
    2820.5 1.93744e-07
    2821.5 1.93369e-07
    2822.5 1.92996e-07
    2823.5 1.92623e-07
    2824.5 1.9225e-07
    2825.5 1.91879e-07
    2826.5 1.91508e-07
    2827.5 1.91138e-07
    2828.5 1.90769e-07
    2829.5  1.904e-07
    2830.5 1.90032e-07
    2831.5 1.89665e-07
    2832.5 1.89299e-07
    2833.5 1.88933e-07
    2834.5 1.88568e-07
    2835.5 1.88203e-07
    2836.5 1.8784e-07
    2837.5 1.87477e-07
    2838.5 1.87115e-07
    2839.5 1.86753e-07
    2840.5 1.86392e-07
    2841.5 1.86032e-07
    2842.5 1.85673e-07
    2843.5 1.85314e-07
    2844.5 1.84956e-07
    2845.5 1.84598e-07
    2846.5 1.84242e-07
    2847.5 1.83886e-07
    2848.5 1.83531e-07
    2849.5 1.83176e-07
    2850.5 1.82822e-07
    2851.5 1.82469e-07
    2852.5 1.82116e-07
    2853.5 1.81764e-07
    2854.5 1.81413e-07
    2855.5 1.81063e-07
    2856.5 1.80713e-07
    2857.5 1.80364e-07
    2858.5 1.80015e-07
    2859.5 1.79667e-07
    2860.5 1.7932e-07
    2861.5 1.78974e-07
    2862.5 1.78628e-07
    2863.5 1.78283e-07
    2864.5 1.77939e-07
    2865.5 1.77595e-07
    2866.5 1.77252e-07
    2867.5 1.76909e-07
    2868.5 1.76567e-07
    2869.5 1.76226e-07
    2870.5 1.75886e-07
    2871.5 1.75546e-07
    2872.5 1.75207e-07
    2873.5 1.74868e-07
    2874.5 1.74531e-07
    2875.5 1.74193e-07
    2876.5 1.73857e-07
    2877.5 1.73521e-07
    2878.5 1.73186e-07
    2879.5 1.72851e-07
    2880.5 1.72517e-07
    2881.5 1.72184e-07
    2882.5 1.71851e-07
    2883.5 1.71519e-07
    2884.5 1.71188e-07
    2885.5 1.70857e-07
    2886.5 1.70527e-07
    2887.5 1.70198e-07
    2888.5 1.69869e-07
    2889.5 1.69541e-07
    2890.5 1.69213e-07
    2891.5 1.68886e-07
    2892.5 1.6856e-07
    2893.5 1.68235e-07
    2894.5 1.6791e-07
    2895.5 1.67585e-07
    2896.5 1.67262e-07
    2897.5 1.66938e-07
    2898.5 1.66616e-07
    2899.5 1.66294e-07
    2900.5 1.65973e-07
    2901.5 1.65652e-07
    2902.5 1.65332e-07
    2903.5 1.65013e-07
    2904.5 1.64694e-07
    2905.5 1.64376e-07
    2906.5 1.64058e-07
    2907.5 1.63742e-07
    2908.5 1.63425e-07
    2909.5 1.6311e-07
    2910.5 1.62794e-07
    2911.5 1.6248e-07
    2912.5 1.62166e-07
    2913.5 1.61853e-07
    2914.5 1.6154e-07
    2915.5 1.61228e-07
    2916.5 1.60917e-07
    2917.5 1.60606e-07
    2918.5 1.60296e-07
    2919.5 1.59986e-07
    2920.5 1.59677e-07
    2921.5 1.59369e-07
    2922.5 1.59061e-07
    2923.5 1.58754e-07
    2924.5 1.58447e-07
    2925.5 1.58141e-07
    2926.5 1.57835e-07
    2927.5 1.57531e-07
    2928.5 1.57226e-07
    2929.5 1.56923e-07
    2930.5 1.56619e-07
    2931.5 1.56317e-07
    2932.5 1.56015e-07
    2933.5 1.55714e-07
    2934.5 1.55413e-07
    2935.5 1.55113e-07
    2936.5 1.54813e-07
    2937.5 1.54514e-07
    2938.5 1.54216e-07
    2939.5 1.53918e-07
    2940.5 1.53621e-07
    2941.5 1.53324e-07
    2942.5 1.53028e-07
    2943.5 1.52732e-07
    2944.5 1.52437e-07
    2945.5 1.52143e-07
    2946.5 1.51849e-07
    2947.5 1.51556e-07
    2948.5 1.51263e-07
    2949.5 1.50971e-07
    2950.5 1.50679e-07
    2951.5 1.50388e-07
    2952.5 1.50098e-07
    2953.5 1.49808e-07
    2954.5 1.49518e-07
    2955.5 1.4923e-07
    2956.5 1.48941e-07
    2957.5 1.48654e-07
    2958.5 1.48367e-07
    2959.5 1.4808e-07
    2960.5 1.47794e-07
    2961.5 1.47509e-07
    2962.5 1.47224e-07
    2963.5 1.4694e-07
    2964.5 1.46656e-07
    2965.5 1.46373e-07
    2966.5 1.4609e-07
    2967.5 1.45808e-07
    2968.5 1.45526e-07
    2969.5 1.45245e-07
    2970.5 1.44965e-07
    2971.5 1.44685e-07
    2972.5 1.44405e-07
    2973.5 1.44126e-07
    2974.5 1.43848e-07
    2975.5 1.4357e-07
    2976.5 1.43293e-07
    2977.5 1.43016e-07
    2978.5 1.4274e-07
    2979.5 1.42464e-07
    2980.5 1.42189e-07
    2981.5 1.41915e-07
    2982.5 1.41641e-07
    2983.5 1.41367e-07
    2984.5 1.41094e-07
    2985.5 1.40822e-07
    2986.5 1.4055e-07
    2987.5 1.40278e-07
    2988.5 1.40007e-07
    2989.5 1.39737e-07
    2990.5 1.39467e-07
    2991.5 1.39198e-07
    2992.5 1.38929e-07
    2993.5 1.38661e-07
    2994.5 1.38393e-07
    2995.5 1.38126e-07
    2996.5 1.37859e-07
    2997.5 1.37593e-07
    2998.5 1.37327e-07
    2999.5 1.37062e-07
